0.124324
0.119836
0.116199
0.113258
0.110881
0.108955
0.107392
0.106119
0.105077
0.104222
0.103517
0.102934
0.102449
0.102044
0.101704
0.101419
0.101178
0.100974
0.100800
0.100652
0.100525
0.100416
0.100322
0.100240
0.100170
0.100108
0.100054
0.100007
0.099965
0.099929
0.099896
0.099867
0.099841
0.099817
0.099796
0.099777
0.099759
0.099743
0.099729
0.099715
0.099702
0.099691
0.099680
0.099669
0.099659
0.099650
0.099641
0.099633
0.099624
0.099617
0.099609
0.099602
0.099595
0.099588
0.099581
0.099574
0.099568
0.099561
0.099555
0.099549
0.099543
0.099536
0.099530
0.099524
0.099519
0.099513
0.099507
0.099501
0.099495
0.099490
0.099484
0.099478
0.099473
0.099467
0.099462
0.099456
0.099450
0.099445
0.099439
0.099434
0.099428
0.099423
0.099417
0.099412
0.099406
0.099400
0.099395
0.099389
0.099384
0.099378
0.099373
0.099367
0.099362
0.099356
0.099351
0.099345
0.099339
0.099334
0.099328
0.099323
0.099317
0.099312
0.099306
0.099300
0.099295
0.099289
0.099283
0.099278
0.099272
0.099267
0.099261
0.099255
0.099249
0.099244
0.099238
0.099232
0.099227
0.099221
0.099215
0.099209
0.099204
0.099198
0.099192
0.099186
0.099180
0.099174
0.099169
0.099163
0.099157
0.099151
0.099145
0.099139
0.099133
0.099127
0.099121
0.099115
0.099109
0.099103
0.099097
0.099091
0.099085
0.099079
0.099073
0.099067
0.099060
0.099054
0.099048
0.099042
0.099036
0.099030
0.099023
0.099017
0.099011
0.099004
0.098998
0.098992
0.098986
0.098979
0.098973
0.098966
0.098960
0.098953
0.098947
0.098941
0.098934
0.098928
0.098921
0.098914
0.098908
0.098901
0.098895
0.098888
0.098881
0.098875
0.098868
0.098861
0.098854
0.098848
0.098841
0.098834
0.098827
0.098820
0.098814
0.098807
0.098800
0.098793
0.098786
0.098779
0.098772
0.098765
0.098758
0.098751
0.098743
0.098736
0.098729
0.098722
0.098715
0.098708
0.098700
0.098693
0.098686
0.098678
0.098671
0.098664
0.098656
0.098649
0.098641
0.098634
0.098626
0.098619
0.098611
0.098604
0.098596
0.098588
0.098581
0.098573
0.098565
0.098557
0.098550
0.098542
0.098534
0.098526
0.098518
0.098510
0.098502
0.098494
0.098486
0.098478
0.098470
0.098462
0.098454
0.098446
0.098438
0.098429
0.098421
0.098413
0.098405
0.098396
0.098388
0.098380
0.098371
0.098363
0.098354
0.098346
0.098337
0.098328
0.098320
0.098311
0.098302
0.098294
0.098285
0.098276
0.098267
0.098259
0.098250
0.098241
0.098232
0.098223
0.098214
0.098205
0.098196
0.098187
0.098177
0.098168
0.098159
0.098150
0.098140
0.098131
0.098122
0.098112
0.098103
0.098094
0.098084
0.098074
0.098065
0.098055
0.098046
0.098036
0.098026
0.098016
0.098007
0.097997
0.097987
0.097977
0.097967
0.097957
0.097947
0.097937
0.097927
0.097917
0.097907
0.097896
0.097886
0.097876
0.097866
0.097855
0.097845
0.097834
0.097824
0.097813
0.097803
0.097792
0.097781
0.097771
0.097760
0.097749
0.097738
0.097728
0.097717
0.097706
0.097695
0.097684
0.097673
0.097661
0.097650
0.097639
0.097628
0.097617
0.097605
0.097594
0.097582
0.097571
0.097559
0.097548
0.097536
0.097525
0.097513
0.097501
0.097489
0.097478
0.097466
0.097454
0.097442
0.097430
0.097418
0.097406
0.097394
0.097381
0.097369
0.097357
0.097345
0.097332
0.097320
0.097307
0.097295
0.097282
0.097269
0.097257
0.097244
0.097231
0.097218
0.097206
0.097193
0.097180
0.097167
0.097154
0.097140
0.097127
0.097114
0.097101
0.097087
0.097074
0.097061
0.097047
0.097034
0.097020
0.097006
0.096993
0.096979
0.096965
0.096951
0.096937
0.096923
0.096909
0.096895
0.096881
0.096867
0.096853
0.096838
0.096824
0.096809
0.096795
0.096780
0.096766
0.096751
0.096737
0.096722
0.096707
0.096692
0.096677
0.096662
0.096647
0.096632
0.096617
0.096602
0.096586
0.096571
0.096556
0.096540
0.096525
0.096509
0.096493
0.096478
0.096462
0.096446
0.096430
0.096414
0.096398
0.096382
0.096366
0.096350
0.096333
0.096317
0.096300
0.096284
0.096267
0.096251
0.096234
0.096217
0.096201
0.096184
0.096167
0.096150
0.096133
0.096116
0.096098
0.096081
0.096064
0.096046
0.096029
0.096011
0.095994
0.095976
0.095958
0.095940
0.095922
0.095904
0.095886
0.095868
0.095850
0.095832
0.095813
0.095795
0.095777
0.095758
0.095739
0.095721
0.095702
0.095683
0.095664
0.095645
0.095626
0.095607
0.095588
0.095568
0.095549
0.095529
0.095510
0.095490
0.095471
0.095451
0.095431
0.095411
0.095391
0.095371
0.095351
0.095330
0.095310
0.095290
0.095269
0.095248
0.095228
0.095207
0.095186
0.095165
0.095144
0.095123
0.095102
0.095081
0.095059
0.095038
0.095016
0.094995
0.094973
0.094951
0.094929
0.094907
0.094885
0.094863
0.094841
0.094819
0.094796
0.094774
0.094751
0.094729
0.094706
0.094683
0.094660
0.094637
0.094614
0.094590
0.094567
0.094544
0.094520
0.094497
0.094473
0.094449
0.094425
0.094401
0.094377
0.094353
0.094329
0.094304
0.094280
0.094255
0.094230
0.094206
0.094181
0.094156
0.094131
0.094106
0.094080
0.094055
0.094029
0.094004
0.093978
0.093952
0.093926
0.093900
0.093874
0.093848
0.093822
0.093795
0.093769
0.093742
0.093715
0.093688
0.093661
0.093634
0.093607
0.093580
0.093552
0.093525
0.093497
0.093469
0.093441
0.093413
0.093385
0.093357
0.093329
0.093300
0.093272
0.093243
0.093214
0.093185
0.093156
0.093127
0.093098
0.093069
0.093039
0.093010
0.092980
0.092950
0.092920
0.092890
0.092860
0.092829
0.092799
0.092768
0.092738
0.092707
0.092676
0.092645
0.092614
0.092582
0.092551
0.092519
0.092487
0.092456
0.092424
0.092392
0.092359
0.092327
0.092295
0.092262
0.092229
0.092196
0.092163
0.092130
0.092097
0.092064
0.092030
0.091996
0.091963
0.091929
0.091895
0.091860
0.091826
0.091792
0.091757
0.091722
0.091687
0.091652
0.091617
0.091582
0.091547
0.091511
0.091475
0.091440
0.091404
0.091367
0.091331
0.091295
0.091258
0.091222
0.091185
0.091148
0.091111
0.091073
0.091036
0.090998
0.090961
0.090923
0.090885
0.090847
0.090808
0.090770
0.090731
0.090693
0.090654
0.090615
0.090576
0.090536
0.090497
0.090457
0.090418
0.090378
0.090338
0.090297
0.090257
0.090217
0.090176
0.090135
0.090094
0.090053
0.090012
0.089970
0.089929
0.089887
0.089845
0.089803
0.089761
0.089718
0.089676
0.089633
0.089590
0.089548
0.089504
0.089461
0.089418
0.089374
0.089330
0.089286
0.089242
0.089198
0.089154
0.089109
0.089064
0.089020
0.088975
0.088929
0.088884
0.088839
0.088793
0.088747
0.088701
0.088655
0.088609
0.088562
0.088516
0.088469
0.088422
0.088375
0.088328
0.088280
0.088233
0.088185
0.088137
0.088089
0.088041
0.087993
0.087944
0.087895
0.087846
0.087797
0.087748
0.087699
0.087649
0.087600
0.087550
0.087500
0.087450
0.087400
0.087349
0.087299
0.087248
0.087197
0.087146
0.087095
0.087043
0.086992
0.086940
0.086888
0.086836
0.086784
0.086731
0.086679
0.086626
0.086573
0.086520
0.086467
0.086414
0.086360
0.086307
0.086253
0.086199
0.086145
0.086091
0.086036
0.085982
0.085927
0.085872
0.085817
0.085762
0.085707
0.085651
0.085596
0.085540
0.085484
0.085428
0.085372
0.085315
0.085259
0.085202
0.085145
0.085088
0.085031
0.084974
0.084917
0.084859
0.084801
0.084743
0.084685
0.084627
0.084569
0.084511
0.084452
0.084393
0.084334
0.084275
0.084216
0.084157
0.084097
0.084038
0.083978
0.083918
0.083858
0.083798
0.083738
0.083678
0.083617
0.083557
0.083496
0.083435
0.083374
0.083313
0.083251
0.083190
0.083128
0.083067
0.083005
0.082943
0.082881
0.082819
0.082756
0.082694
0.082631
0.082568
0.082506
0.082443
0.082380
0.082317
0.082253
0.082190
0.082126
0.082063
0.081999
0.081935
0.081871
0.081807
0.081743
0.081679
0.081614
0.081550
0.081485
0.081420
0.081356
0.081291
0.081226
0.081160
0.081095
0.081030
0.080964
0.080899
0.080833
0.080768
0.080702
0.080636
0.080570
0.080504
0.080438
0.080371
0.080305
0.080238
0.080172
0.080105
0.080039
0.079972
0.079905
0.079838
0.079771
0.079704
0.079637
0.079569
0.079502
0.079435
0.079367
0.079300
0.079232
0.079164
0.079097
0.079029
0.078961
0.078893
0.078825
0.078757
0.078689
0.078621
0.078552
0.078484
0.078416
0.078347
0.078279
0.078210
0.078141
0.078073
0.078004
0.077935
0.077867
0.077798
0.077729
0.077660
0.077591
0.077522
0.077453
0.077384
0.077315
0.077246
0.077176
0.077107
0.077038
0.076968
0.076899
0.076830
0.076760
0.076691
0.076621
0.076552
0.076482
0.076413
0.076343
0.076274
0.076204
0.076135
0.076065
0.075995
0.075926
0.075856
0.075786
0.075717
0.075647
0.075577
0.075507
0.075438
0.075368
0.075298
0.075228
0.075159
0.075089
0.075019
0.074949
0.074880
0.074810
0.074740
0.074670
0.074601
0.074531
0.074461
0.074391
0.074322
0.074252
0.074182
0.074113
0.074043
0.073973
0.073904
0.073834
0.073764
0.073695
0.073625
0.073556
0.073486
0.073417
0.073347
0.073278
0.073208
0.073139
0.073069
0.073000
0.072931
0.072861
0.072792
0.072723
0.072654
0.072584
0.072515
0.072446
0.072377
0.072308
0.072239
0.072170
0.072101
0.072032
0.071964
0.071895
0.071826
0.071757
0.071689
0.071620
0.071551
0.071483
0.071414
0.071346
0.071278
0.071209
0.071141
0.071073
0.071005
0.070937
0.070868
0.070800
0.070732
0.070665
0.070597
0.070529
0.070461
0.070394
0.070326
0.070258
0.070191
0.070124
0.070056
0.069989
0.069922
0.069854
0.069787
0.069720
0.069653
0.069586
0.069520
0.069453
0.069386
0.069319
0.069253
0.069186
0.069120
0.069053
0.068987
0.068921
0.068855
0.068789
0.068723
0.068657
0.068591
0.068525
0.068460
0.068394
0.068328
0.068263
0.068197
0.068132
0.068067
0.068002
0.067937
0.067872
0.067807
0.067742
0.067677
0.067612
0.067548
0.067483
0.067419
0.067354
0.067290
0.067226
0.067162
0.067098
0.067034
0.066970
0.066906
0.066843
0.066779
0.066716
0.066652
0.066589
0.066526
0.066462
0.066399
0.066336
0.066273
0.066211
0.066148
0.066085
0.066023
0.065960
0.065898
0.065836
0.065773
0.065711
0.065649
0.065587
0.065525
0.065464
0.065402
0.065340
0.065279
0.065218
0.065156
0.065095
0.065034
0.064973
0.064912
0.064851
0.064790
0.064730
0.064669
0.064609
0.064548
0.064488
0.064428
0.064368
0.064308
0.064248
0.064188
0.064128
0.064069
0.064009
0.063950
0.063890
0.063831
0.063772
0.063713
0.063654
0.063595
0.063536
0.063478
0.063419
0.063360
0.063302
0.063244
0.063186
0.063127
0.063069
0.063011
0.062954
0.062896
0.062838
0.062781
0.062723
0.062666
0.062608
0.062551
0.062494
0.062437
0.062380
0.062323
0.062267
0.062210
0.062153
0.062097
0.062041
0.061984
0.061928
0.061872
0.061816
0.061760
0.061704
0.061649
0.061593
0.061537
0.061482
0.061427
0.061371
0.061316
0.061261
0.061206
0.061151
0.061096
0.061042
0.060987
0.060933
0.060878
0.060824
0.060770
0.060715
0.060661
0.060607
0.060553
0.060500
0.060446
0.060392
0.060339
0.060285
0.060232
0.060179
0.060126
0.060072
0.060019
0.059967
0.059914
0.059861
0.059808
0.059756
0.059703
0.059651
0.059599
0.059546
0.059494
0.059442
0.059390
0.059338
0.059287
0.059235
0.059183
0.059132
0.059080
0.059029
0.058978
0.058926
0.058875
0.058824
0.058773
0.058723
0.058672
0.058621
0.058571
0.058520
0.058470
0.058419
0.058369
0.058319
0.058269
0.058219
0.058169
0.058119
0.058069
0.058019
0.057970
0.057920
0.057871
0.057821
0.057772
0.057723
0.057674
0.057625
0.057576
0.057527
0.057478
0.057429
0.057380
0.057332
0.057283
0.057235
0.057187
0.057138
0.057090
0.057042
0.056994
0.056946
0.056898
0.056850
0.056802
0.056755
0.056707
0.056660
0.056612
0.056565
0.056518
0.056470
0.056423
0.056376
0.056329
0.056282
0.056235
0.056188
0.056142
0.056095
0.056049
0.056002
0.055956
0.055909
0.055863
0.055817
0.055771
0.055725
0.055679
0.055633
0.055587
0.055541
0.055495
0.055450
0.055404
0.055358
0.055313
0.055268
0.055222
0.055177
0.055132
0.055087
0.055042
0.054997
0.054952
0.054907
0.054862
0.054817
0.054773
0.054728
0.054683
0.054639
0.054595
0.054550
0.054506
0.054462
0.054418
0.054373
0.054329
0.054285
0.054242
0.054198
0.054154
0.054110
0.054067
0.054023
0.053979
0.053936
0.053893
0.053849
0.053806
0.053763
0.053719
0.053676
0.053633
0.053590
0.053547
0.053504
0.053462
0.053419
0.053376
0.053334
0.053291
0.053248
0.053206
0.053163
0.053121
0.053079
0.053037
0.052994
0.052952
0.052910
0.052868
0.052826
0.052784
0.052742
0.052700
0.052659
0.052617
0.052575
0.052534
0.052492
0.052451
0.052409
0.052368
0.052326
0.052285
0.052244
0.052203
0.052162
0.052120
0.052079
0.052038
0.051998
0.051957
0.051916
0.051875
0.051834
0.051794
0.051753
0.051712
0.051672
0.051631
0.051591
0.051551
0.051510
0.051470
0.051430
0.051389
0.051349
0.051309
0.051269
0.051229
0.051189
0.051149
0.051109
0.051069
0.051030
0.050990
0.050950
0.050911
0.050871
0.050831
0.050792
0.050752
0.050713
0.050674
0.050634
0.050595
0.050556
0.050516
0.050477
0.050438
0.050399
0.050360
0.050321
0.050282
0.050243
0.050204
0.050165
0.050127
0.050088
0.050049
0.050010
0.049972
0.049933
0.049895
0.049856
0.049818
0.049779
0.049741
0.049702
0.049664
0.049626
0.049588
0.049549
0.049511
0.049473
0.049435
0.049397
0.049359
0.049321
0.049283
0.049245
0.049207
0.049170
0.049132
0.049094
0.049056
0.049019
0.048981
0.048943
0.048906
0.048868
0.048831
0.048793
0.048756
0.048718
0.048681
0.048644
0.048607
0.048569
0.048532
0.048495
0.048458
0.048421
0.048384
0.048347
0.048309
0.048273
0.048236
0.048199
0.048162
0.048125
0.048088
0.048051
0.048015
0.047978
0.047941
0.047904
0.047868
0.047831
0.047795
0.047758
0.047722
0.047685
0.047649
0.047612
0.047576
0.047540
0.047503
0.047467
0.047431
0.047395
0.047358
0.047322
0.047286
0.047250
0.047214
0.047178
0.047142
0.047106
0.047070
0.047034
0.046998
0.046962
0.046926
0.046891
0.046855
0.046819
0.046783
0.046748
0.046712
0.046676
0.046641
0.046605
0.046570
0.046534
0.046499
0.046463
0.046428
0.046392
0.046357
0.046322
0.046286
0.046251
0.046216
0.046180
0.046145
0.046110
0.046075
0.046040
0.046004
0.045969
0.045934
0.045899
0.045864
0.045829
0.045794
0.045759
0.045724
0.045689
0.045655
0.045620
0.045585
0.045550
0.045515
0.045481
0.045446
0.045411
0.045377
0.045342
0.045307
0.045273
0.045238
0.045204
0.045169
0.045135
0.045100
0.045066
0.045031
0.044997
0.044962
0.044928
0.044894
0.044859
0.044825
0.044791
0.044757
0.044722
0.044688
0.044654
0.044620
0.044586
0.044552
0.044518
0.044483
0.044449
0.044415
0.044381
0.044348
0.044314
0.044280
0.044246
0.044212
0.044178
0.044144
0.044110
0.044077
0.044043
0.044009
0.043975
0.043942
0.043908
0.043874
0.043841
0.043807
0.043774
0.043740
0.043706
0.043673
0.043639
0.043606
0.043573
0.043539
0.043506
0.043472
0.043439
0.043406
0.043372
0.043339
0.043306
0.043272
0.043239
0.043206
0.043173
0.043140
0.043106
0.043073
0.043040
0.043007
0.042974
0.042941
0.042908
0.042875
0.042842
0.042809
0.042776
0.042743
0.042710
0.042677
0.042644
0.042612
0.042579
0.042546
0.042513
0.042480
0.042448
0.042415
0.042382
0.042350
0.042317
0.042284
0.042252
0.042219
0.042187
0.042154
0.042121
0.042089
0.042056
0.042024
0.041991
0.041959
0.041927
0.041894
0.041862
0.041830
0.041797
0.041765
0.041733
0.041700
0.041668
0.041636
0.041604
0.041571
0.041539
0.041507
0.041475
0.041443
0.041411
0.041379
0.041347
0.041315
0.041283
0.041251
0.041219
0.041187
0.041155
0.041123
0.041091
0.041059
0.041027
0.040996
0.040964
0.040932
0.040900
0.040868
0.040837
0.040805
0.040773
0.040742
0.040710
0.040678
0.040647
0.040615
0.040584
0.040552
0.040521
0.040489
0.040458
0.040426
0.040395
0.040363
0.040332
0.040301
0.040269
0.040238
0.040207
0.040175
0.040144
0.040113
0.040082
0.040050
0.040019
0.039988
0.039957
0.039926
0.039895
0.039863
0.039832
0.039801
0.039770
0.039739
0.039708
0.039677
0.039646
0.039615
0.039585
0.039554
0.039523
0.039492
0.039461
0.039430
0.039400
0.039369
0.039338
0.039307
0.039277
0.039246
0.039215
0.039185
0.039154
0.039123
0.039093
0.039062
0.039032
0.039001
0.038971
0.038940
0.038910
0.038879
0.038849
0.038819
0.038788
0.038758
0.038728
0.038697
0.038667
0.038637
0.038606
0.038576
0.038546
0.038516
0.038486
0.038456
0.038425
0.038395
0.038365
0.038335
0.038305
0.038275
0.038245
0.038215
0.038185
0.038155
0.038125
0.038096
0.038066
0.038036
0.038006
0.037976
0.037946
0.037917
0.037887
0.037857
0.037828
0.037798
0.037768
0.037739
0.037709
0.037679
0.037650
0.037620
0.037591
0.037561
0.037532
0.037502
0.037473
0.037444
0.037414
0.037385
0.037356
0.037326
0.037297
0.037268
0.037238
0.037209
0.037180
0.037151
0.037122
0.037092
0.037063
0.037034
0.037005
0.036976
0.036947
0.036918
0.036889
0.036860
0.036831
0.036802
0.036773
0.036744
0.036716
0.036687
0.036658
0.036629
0.036600
0.036572
0.036543
0.036514
0.036485
0.036457
0.036428
0.036400
0.036371
0.036342
0.036314
0.036285
0.036257
0.036228
0.036200
0.036172
0.036143
0.036115
0.036086
0.036058
0.036030
0.036001
0.035973
0.035945
0.035917
0.035888
0.035860
0.035832
0.035804
0.035776
0.035748
0.035720
0.035692
0.035664
0.035636
0.035608
0.035580
0.035552
0.035524
0.035496
0.035468
0.035440
0.035412
0.035385
0.035357
0.035329
0.035301
0.035274
0.035246
0.035218
0.035191
0.035163
0.035136
0.035108
0.035080
0.035053
0.035025
0.034998
0.034971
0.034943
0.034916
0.034888
0.034861
0.034834
0.034806
0.034779
0.034752
0.034725
0.034697
0.034670
0.034643
0.034616
0.034589
0.034562
0.034535
0.034507
0.034480
0.034453
0.034426
0.034399
0.034373
0.034346
0.034319
0.034292
0.034265
0.034238
0.034211
0.034185
0.034158
0.034131
0.034104
0.034078
0.034051
0.034025
0.033998
0.033971
0.033945
0.033918
0.033892
0.033865
0.033839
0.033812
0.033786
0.033760
0.033733
0.033707
0.033680
0.033654
0.033628
0.033602
0.033575
0.033549
0.033523
0.033497
0.033471
0.033445
0.033418
0.033392
0.033366
0.033340
0.033314
0.033288
0.033262
0.033237
0.033211
0.033185
0.033159
0.033133
0.033107
0.033081
0.033056
0.033030
0.033004
0.032979
0.032953
0.032927
0.032902
0.032876
0.032850
0.032825
0.032799
0.032774
0.032748
0.032723
0.032698
0.032672
0.032647
0.032621
0.032596
0.032571
0.032545
0.032520
0.032495
0.032470
0.032444
0.032419
0.032394
0.032369
0.032344
0.032319
0.032294
0.032269
0.032244
0.032219
0.032194
0.032169
0.032144
0.032119
0.032094
0.032069
0.032045
0.032020
0.031995
0.031970
0.031946
0.031921
0.031896
0.031871
0.031847
0.031822
0.031798
0.031773
0.031749
0.031724
0.031700
0.031675
0.031651
0.031626
0.031602
0.031577
0.031553
0.031529
0.031504
0.031480
0.031456
0.031432
0.031407
0.031383
0.031359
0.031335
0.031311
0.031287
0.031263
0.031239
0.031215
0.031191
0.031167
0.031143
0.031119
0.031095
0.031071
0.031047
0.031023
0.030999
0.030976
0.030952
0.030928
0.030904
0.030881
0.030857
0.030833
0.030810
0.030786
0.030763
0.030739
0.030715
0.030692
0.030668
0.030645
0.030621
0.030598
0.030575
0.030551
0.030528
0.030505
0.030481
0.030458
0.030435
0.030411
0.030388
0.030365
0.030342
0.030319
0.030296
0.030273
0.030249
0.030226
0.030203
0.030180
0.030157
0.030134
0.030111
0.030088
0.030066
0.030043
0.030020
0.029997
0.029974
0.029951
0.029929
0.029906
0.029883
0.029860
0.029838
0.029815
0.029793
0.029770
0.029747
0.029725
0.029702
0.029680
0.029657
0.029635
0.029612
0.029590
0.029567
0.029545
0.029523
0.029500
0.029478
0.029456
0.029433
0.029411
0.029389
0.029367
0.029345
0.029322
0.029300
0.029278
0.029256
0.029234
0.029212
0.029190
0.029168
0.029146
0.029124
0.029102
0.029080
0.029058
0.029036
0.029014
0.028993
0.028971
0.028949
0.028927
0.028906
0.028884
0.028862
0.028840
0.028819
0.028797
0.028776
0.028754
0.028732
0.028711
0.028689
0.028668
0.028646
0.028625
0.028603
0.028582
0.028561
0.028539
0.028518
0.028497
0.028475
0.028454
0.028433
0.028411
0.028390
0.028369
0.028348
0.028327
0.028305
0.028284
0.028263
0.028242
0.028221
0.028200
0.028179
0.028158
0.028137
0.028116
0.028095
0.028074
0.028053
0.028033
0.028012
0.027991
0.027970
0.027949
0.027929
0.027908
0.027887
0.027866
0.027846
0.027825
0.027804
0.027784
0.027763
0.027743
0.027722
0.027702
0.027681
0.027661
0.027640
0.027620
0.027599
0.027579
0.027558
0.027538
0.027518
0.027497
0.027477
0.027457
0.027437
0.027416
0.027396
0.027376
0.027356
0.027336
0.027315
0.027295
0.027275
0.027255
0.027235
0.027215
0.027195
0.027175
0.027155
0.027135
0.027115
0.027095
0.027075
0.027055
0.027036
0.027016
0.026996
0.026976
0.026956
0.026937
0.026917
0.026897
0.026878
0.026858
0.026838
0.026819
0.026799
0.026779
0.026760
0.026740
0.026721
0.026701
0.026682
0.026662
0.026643
0.026623
0.026604
0.026585
0.026565
0.026546
0.026526
0.026507
0.026488
0.026469
0.026449
0.026430
0.026411
0.026392
0.026372
0.026353
0.026334
0.026315
0.026296
0.026277
0.026258
0.026239
0.026220
0.026201
0.026182
0.026163
0.026144
0.026125
0.026106
0.026087
0.026068
0.026049
0.026030
0.026012
0.025993
0.025974
0.025955
0.025937
0.025918
0.025899
0.025880
0.025862
0.025843
0.025825
0.025806
0.025787
0.025769
0.025750
0.025732
0.025713
0.025695
0.025676
0.025658
0.025639
0.025621
0.025603
0.025584
0.025566
0.025547
0.025529
0.025511
0.025493
0.025474
0.025456
0.025438
0.025420
0.025401
0.025383
0.025365
0.025347
0.025329
0.025311
0.025293
0.025275
0.025256
0.025238
0.025220
0.025202
0.025184
0.025166
0.025149
0.025131
0.025113
0.025095
0.025077
0.025059
0.025041
0.025023
0.025006
0.024988
0.024970
0.024952
0.024935
0.024917
0.024899
0.024882
0.024864
0.024846
0.024829
0.024811
0.024794
0.024776
0.024758
0.024741
0.024723
0.024706
0.024688
0.024671
0.024654
0.024636
0.024619
0.024601
0.024584
0.024567
0.024549
0.024532
0.024515
0.024497
0.024480
0.024463
0.024446
0.024428
0.024411
0.024394
0.024377
0.024360
0.024343
0.024326
0.024308
0.024291
0.024274
0.024257
0.024240
0.024223
0.024206
0.024189
0.024172
0.024155
0.024138
0.024122
0.024105
0.024088
0.024071
0.024054
0.024037
0.024020
0.024004
0.023987
0.023970
0.023953
0.023937
0.023920
0.023903
0.023887
0.023870
0.023853
0.023837
0.023820
0.023804
0.023787
0.023770
0.023754
0.023737
0.023721
0.023704
0.023688
0.023672
0.023655
0.023639
0.023622
0.023606
0.023590
0.023573
0.023557
0.023541
0.023524
0.023508
0.023492
0.023475
0.023459
0.023443
0.023427
0.023411
0.023394
0.023378
0.023362
0.023346
0.023330
0.023314
0.023298
0.023282
0.023266
0.023250
0.023234
0.023218
0.023202
0.023186
0.023170
0.023154
0.023138
0.023122
0.023106
0.023090
0.023074
0.023058
0.023043
0.023027
0.023011
0.022995
0.022980
0.022964
0.022948
0.022932
0.022917
0.022901
0.022885
0.022870
0.022854
0.022838
0.022823
0.022807
0.022792
0.022776
0.022761
0.022745
0.022730
0.022714
0.022699
0.022683
0.022668
0.022652
0.022637
0.022621
0.022606
0.022591
0.022575
0.022560
0.022545
0.022529
0.022514
0.022499
0.022483
0.022468
0.022453
0.022438
0.022423
0.022407
0.022392
0.022377
0.022362
0.022347
0.022332
0.022317
0.022302
0.022286
0.022271
0.022256
0.022241
0.022226
0.022211
0.022196
0.022181
0.022166
0.022152
0.022137
0.022122
0.022107
0.022092
0.022077
0.022062
0.022047
0.022033
0.022018
0.022003
0.021988
0.021973
0.021959
0.021944
0.021929
0.021915
0.021900
0.021885
0.021871
0.021856
0.021841
0.021827
0.021812
0.021797
0.021783
0.021768
0.021754
0.021739
0.021725
0.021710
0.021696
0.021681
0.021667
0.021652
0.021638
0.021624
0.021609
0.021595
0.021580
0.021566
0.021552
0.021537
0.021523
0.021509
0.021494
0.021480
0.021466
0.021452
0.021437
0.021423
0.021409
0.021395
0.021381
0.021366
0.021352
0.021338
0.021324
0.021310
0.021296
0.021282
0.021268
0.021254
0.021240
0.021226
0.021212
0.021198
0.021184
0.021170
0.021156
0.021142
0.021128
0.021114
0.021100
0.021086
0.021072
0.021058
0.021045
0.021031
0.021017
0.021003
0.020989
0.020975
0.020962
0.020948
0.020934
0.020921
0.020907
0.020893
0.020879
0.020866
0.020852
0.020838
0.020825
0.020811
0.020798
0.020784
0.020770
0.020757
0.020743
0.020730
0.020716
0.020703
0.020689
0.020676
0.020662
0.020649
0.020635
0.020622
0.020608
0.020595
0.020582
0.020568
0.020555
0.020542
0.020528
0.020515
0.020502
0.020488
0.020475
0.020462
0.020448
0.020435
0.020422
0.020409
0.020395
0.020382
0.020369
0.020356
0.020343
0.020330
0.020316
0.020303
0.020290
0.020277
0.020264
0.020251
0.020238
0.020225
0.020212
0.020199
0.020186
0.020173
0.020160
0.020147
0.020134
0.020121
0.020108
0.020095
0.020082
0.020069
0.020056
0.020043
0.020030
0.020018
0.020005
0.019992
0.019979
0.019966
0.019953
0.019941
0.019928
0.019915
0.019902
0.019890
0.019877
0.019864
0.019852
0.019839
0.019826
0.019814
0.019801
0.019788
0.019776
0.019763
0.019750
0.019738
0.019725
0.019713
0.019700
0.019688
0.019675
0.019663
0.019650
0.019638
0.019625
0.019613
0.019600
0.019588
0.019575
0.019563
0.019551
0.019538
0.019526
0.019513
0.019501
0.019489
0.019476
0.019464
0.019452
0.019439
0.019427
0.019415
0.019402
0.019390
0.019378
0.019366
0.019354
0.019341
0.019329
0.019317
0.019305
0.019293
0.019280
0.019268
0.019256
0.019244
0.019232
0.019220
0.019208
0.019196
0.019184
0.019172
0.019160
0.019148
0.019136
0.019124
0.019112
0.019100
0.019088
0.019076
0.019064
0.019052
0.019040
0.019028
0.019016
0.019004
0.018992
0.018980
0.018968
0.018957
0.018945
0.018933
0.018921
0.018909
0.018898
0.018886
0.018874
0.018862
0.018850
0.018839
0.018827
0.018815
0.018804
0.018792
0.018780
0.018769
0.018757
0.018745
0.018734
0.018722
0.018710
0.018699
0.018687
0.018676
0.018664
0.018652
0.018641
0.018629
0.018618
0.018606
0.018595
0.018583
0.018572
0.018560
0.018549
0.018537
0.018526
0.018514
0.018503
0.018492
0.018480
0.018469
0.018457
0.018446
0.018435
0.018423
0.018412
0.018401
0.018389
0.018378
0.018367
0.018355
0.018344
0.018333
0.018322
0.018310
0.018299
0.018288
0.018277
0.018265
0.018254
0.018243
0.018232
0.018221
0.018210
0.018198
0.018187
0.018176
0.018165
0.018154
0.018143
0.018132
0.018121
0.018110
0.018099
0.018088
0.018077
0.018065
0.018054
0.018043
0.018032
0.018021
0.018011
0.018000
0.017989
0.017978
0.017967
0.017956
0.017945
0.017934
0.017923
0.017912
0.017901
0.017890
0.017880
0.017869
0.017858
0.017847
0.017836
0.017825
0.017815
0.017804
0.017793
0.017782
0.017772
0.017761
0.017750
0.017739
0.017729
0.017718
0.017707
0.017697
0.017686
0.017675
0.017665
0.017654
0.017643
0.017633
0.017622
0.017611
0.017601
0.017590
0.017580
0.017569
0.017559
0.017548
0.017537
0.017527
0.017516
0.017506
0.017495
0.017485
0.017474
0.017464
0.017453
0.017443
0.017433
0.017422
0.017412
0.017401
0.017391
0.017380
0.017370
0.017360
0.017349
0.017339
0.017329
0.017318
0.017308
0.017298
0.017287
0.017277
0.017267
0.017256
0.017246
0.017236
0.017226
0.017215
0.017205
0.017195
0.017185
0.017174
0.017164
0.017154
0.017144
0.017134
0.017124
0.017113
0.017103
0.017093
0.017083
0.017073
0.017063
0.017053
0.017042
0.017032
0.017022
0.017012
0.017002
0.016992
0.016982
0.016972
0.016962
0.016952
0.016942
0.016932
0.016922
0.016912
0.016902
0.016892
0.016882
0.016872
0.016862
0.016852
0.016842
0.016832
0.016823
0.016813
0.016803
0.016793
0.016783
0.016773
0.016763
0.016754
0.016744
0.016734
0.016724
0.016714
0.016704
0.016695
0.016685
0.016675
0.016665
0.016656
0.016646
0.016636
0.016626
0.016617
0.016607
0.016597
0.016587
0.016578
0.016568
0.016558
0.016549
0.016539
0.016530
0.016520
0.016510
0.016501
0.016491
0.016481
0.016472
0.016462
0.016453
0.016443
0.016434
0.016424
0.016414
0.016405
0.016395
0.016386
0.016376
0.016367
0.016357
0.016348
0.016338
0.016329
0.016319
0.016310
0.016301
0.016291
0.016282
0.016272
0.016263
0.016253
0.016244
0.016235
0.016225
0.016216
0.016207
0.016197
0.016188
0.016178
0.016169
0.016160
0.016150
0.016141
0.016132
0.016123
0.016113
0.016104
0.016095
0.016085
0.016076
0.016067
0.016058
0.016049
0.016039
0.016030
0.016021
0.016012
0.016003
0.015993
0.015984
0.015975
0.015966
0.015957
0.015948
0.015938
0.015929
0.015920
0.015911
0.015902
0.015893
0.015884
0.015875
0.015866
0.015857
0.015847
0.015838
0.015829
0.015820
0.015811
0.015802
0.015793
0.015784
0.015775
0.015766
0.015757
0.015748
0.015739
0.015730
0.015721
0.015713
0.015704
0.015695
0.015686
0.015677
0.015668
0.015659
0.015650
0.015641
0.015632
0.015624
0.015615
0.015606
0.015597
0.015588
0.015579
0.015571
0.015562
0.015553
0.015544
0.015535
0.015527
0.015518
0.015509
0.015500
0.015491
0.015483
0.015474
0.015465
0.015457
0.015448
0.015439
0.015430
0.015422
0.015413
0.015404
0.015396
0.015387
0.015378
0.015370
0.015361
0.015352
0.015344
0.015335
0.015326
0.015318
0.015309
0.015301
0.015292
0.015284
0.015275
0.015266
0.015258
0.015249
0.015241
0.015232
0.015224
0.015215
0.015207
0.015198
0.015190
0.015181
0.015173
0.015164
0.015156
0.015147
0.015139
0.015130
0.015122
0.015113
0.015105
0.015097
0.015088
0.015080
0.015071
0.015063
0.015055
0.015046
0.015038
0.015029
0.015021
0.015013
0.015004
0.014996
0.014988
0.014979
0.014971
0.014963
0.014954
0.014946
0.014938
0.014930
0.014921
0.014913
0.014905
0.014896
0.014888
0.014880
0.014872
0.014863
0.014855
0.014847
0.014839
0.014831
0.014822
0.014814
0.014806
0.014798
0.014790
0.014782
0.014773
0.014765
0.014757
0.014749
0.014741
0.014733
0.014725
0.014716
0.014708
0.014700
0.014692
0.014684
0.014676
0.014668
0.014660
0.014652
0.014644
0.014636
0.014628
0.014620
0.014612
0.014604
0.014596
0.014588
0.014580
0.014572
0.014564
0.014556
0.014548
0.014540
0.014532
0.014524
0.014516
0.014508
0.014500
0.014492
0.014484
0.014476
0.014468
0.014460
0.014452
0.014445
0.014437
0.014429
0.014421
0.014413
0.014405
0.014397
0.014390
0.014382
0.014374
0.014366
0.014358
0.014350
0.014343
0.014335
0.014327
0.014319
0.014311
0.014304
0.014296
0.014288
0.014280
0.014273
0.014265
0.014257
0.014249
0.014242
0.014234
0.014226
0.014218
0.014211
0.014203
0.014195
0.014188
0.014180
0.014172
0.014165
0.014157
0.014149
0.014142
0.014134
0.014126
0.014119
0.014111
0.014104
0.014096
0.014088
0.014081
0.014073
0.014066
0.014058
0.014050
0.014043
0.014035
0.014028
0.014020
0.014013
0.014005
0.013998
0.013990
0.013983
0.013975
0.013968
0.013960
0.013953
0.013945
0.013938
0.013930
0.013923
0.013915
0.013908
0.013900
0.013893
0.013885
0.013878
0.013870
0.013863
0.013856
0.013848
0.013841
0.013833
0.013826
0.013819
0.013811
0.013804
0.013796
0.013789
0.013782
0.013774
0.013767
0.013760
0.013752
0.013745
0.013738
0.013730
0.013723
0.013716
0.013708
0.013701
0.013694
0.013686
0.013679
0.013672
0.013665
0.013657
0.013650
0.013643
0.013636
0.013628
0.013621
0.013614
0.013607
0.013599
0.013592
0.013585
0.013578
0.013571
0.013563
0.013556
0.013549
0.013542
0.013535
0.013528
0.013520
0.013513
0.013506
0.013499
0.013492
0.013485
0.013478
0.013470
0.013463
0.013456
0.013449
0.013442
0.013435
0.013428
0.013421
0.013414
0.013407
0.013400
0.013392
0.013385
0.013378
0.013371
0.013364
0.013357
0.013350
0.013343
0.013336
0.013329
0.013322
0.013315
0.013308
0.013301
0.013294
0.013287
0.013280
0.013273
0.013266
0.013259
0.013252
0.013245
0.013238
0.013232
0.013225
0.013218
0.013211
0.013204
0.013197
0.013190
0.013183
0.013176
0.013169
0.013162
0.013156
0.013149
0.013142
0.013135
0.013128
0.013121
0.013114
0.013108
0.013101
0.013094
0.013087
0.013080
0.013073
0.013067
0.013060
0.013053
0.013046
0.013039
0.013033
0.013026
0.013019
0.013012
0.013005
0.012999
0.012992
0.012985
0.012978
0.012972
0.012965
0.012958
0.012951
0.012945
0.012938
0.012931
0.012925
0.012918
0.012911
0.012905
0.012898
0.012891
0.012885
0.012878
0.012871
0.012865
0.012858
0.012851
0.012845
0.012838
0.012831
0.012825
0.012818
0.012811
0.012805
0.012798
0.012792
0.012785
0.012778
0.012772
0.012765
0.012759
0.012752
0.012745
0.012739
0.012732
0.012726
0.012719
0.012713
0.012706
0.012700
0.012693
0.012687
0.012680
0.012673
0.012667
0.012660
0.012654
0.012647
0.012641
0.012634
0.012628
0.012621
0.012615
0.012609
0.012602
0.012596
0.012589
0.012583
0.012576
0.012570
0.012563
0.012557
0.012551
0.012544
0.012538
0.012531
0.012525
0.012518
0.012512
0.012506
0.012499
0.012493
0.012487
0.012480
0.012474
0.012467
0.012461
0.012455
0.012448
0.012442
0.012436
0.012429
0.012423
0.012417
0.012410
0.012404
0.012398
0.012391
0.012385
0.012379
0.012372
0.012366
0.012360
0.012354
0.012347
0.012341
0.012335
0.012329
0.012322
0.012316
0.012310
0.012303
0.012297
0.012291
0.012285
0.012279
0.012272
0.012266
0.012260
0.012254
0.012247
0.012241
0.012235
0.012229
0.012223
0.012217
0.012210
0.012204
0.012198
0.012192
0.012186
0.012180
0.012173
0.012167
0.012161
0.012155
0.012149
0.012143
0.012137
0.012130
0.012124
0.012118
0.012112
0.012106
0.012100
0.012094
0.012088
0.012082
0.012076
0.012069
0.012063
0.012057
0.012051
0.012045
0.012039
0.012033
0.012027
0.012021
0.012015
0.012009
0.012003
0.011997
0.011991
0.011985
0.011979
0.011973
0.011967
0.011961
0.011955
0.011949
0.011943
0.011937
0.011931
0.011925
0.011919
0.011913
0.011907
0.011901
0.011895
0.011889
0.011883
0.011877
0.011871
0.011865
0.011859
0.011854
0.011848
0.011842
0.011836
0.011830
0.011824
0.011818
0.011812
0.011806
0.011800
0.011795
0.011789
0.011783
0.011777
0.011771
0.011765
0.011759
0.011754
0.011748
0.011742
0.011736
0.011730
0.011724
0.011719
0.011713
0.011707
0.011701
0.011695
0.011689
0.011684
0.011678
0.011672
0.011666
0.011660
0.011655
0.011649
0.011643
0.011637
0.011632
0.011626
0.011620
0.011614
0.011609
0.011603
0.011597
0.011591
0.011586
0.011580
0.011574
0.011568
0.011563
0.011557
0.011551
0.011546
0.011540
0.011534
0.011529
0.011523
0.011517
0.011511
0.011506
0.011500
0.011494
0.011489
0.011483
0.011477
0.011472
0.011466
0.011461
0.011455
0.011449
0.011444
0.011438
0.011432
0.011427
0.011421
0.011416
0.011410
0.011404
0.011399
0.011393
0.011388
0.011382
0.011376
0.011371
0.011365
0.011360
0.011354
0.011348
0.011343
0.011337
0.011332
0.011326
0.011321
0.011315
0.011310
0.011304
0.011299
0.011293
0.011288
0.011282
0.011276
0.011271
0.011265
0.011260
0.011254
0.011249
0.011243
0.011238
0.011232
0.011227
0.011222
0.011216
0.011211
0.011205
0.011200
0.011194
0.011189
0.011183
0.011178
0.011172
0.011167
0.011161
0.011156
0.011151
0.011145
0.011140
0.011134
0.011129
0.011124
0.011118
0.011113
0.011107
0.011102
0.011097
0.011091
0.011086
0.011080
0.011075
0.011070
0.011064
0.011059
0.011054
0.011048
0.011043
0.011037
0.011032
0.011027
0.011021
0.011016
0.011011
0.011005
0.011000
0.010995
0.010989
0.010984
0.010979
0.010974
0.010968
0.010963
0.010958
0.010952
0.010947
0.010942
0.010936
0.010931
0.010926
0.010921
0.010915
0.010910
0.010905
0.010900
0.010894
0.010889
0.010884
0.010879
0.010873
0.010868
0.010863
0.010858
0.010852
0.010847
0.010842
0.010837
0.010832
0.010826
0.010821
0.010816
0.010811
0.010806
0.010800
0.010795
0.010790
0.010785
0.010780
0.010774
0.010769
0.010764
0.010759
0.010754
0.010749
0.010743
0.010738
0.010733
0.010728
0.010723
0.010718
0.010713
0.010708
0.010702
0.010697
0.010692
0.010687
0.010682
0.010677
0.010672
0.010667
0.010661
0.010656
0.010651
0.010646
0.010641
0.010636
0.010631
0.010626
0.010621
0.010616
0.010611
0.010606
0.010601
0.010596
0.010590
0.010585
0.010580
0.010575
0.010570
0.010565
0.010560
0.010555
0.010550
0.010545
0.010540
0.010535
0.010530
0.010525
0.010520
0.010515
0.010510
0.010505
0.010500
0.010495
0.010490
0.010485
0.010480
0.010475
0.010470
0.010465
0.010460
0.010455
0.010450
0.010446
0.010441
0.010436
0.010431
0.010426
0.010421
0.010416
0.010411
0.010406
0.010401
0.010396
0.010391
0.010386
0.010381
0.010377
0.010372
0.010367
0.010362
0.010357
0.010352
0.010347
0.010342
0.010337
0.010332
0.010328
0.010323
0.010318
0.010313
0.010308
0.010303
0.010298
0.010294
0.010289
0.010284
0.010279
0.010274
0.010269
0.010265
0.010260
0.010255
0.010250
0.010245
0.010240
0.010236
0.010231
0.010226
0.010221
0.010216
0.010212
0.010207
0.010202
0.010197
0.010192
0.010188
0.010183
0.010178
0.010173
0.010169
0.010164
0.010159
0.010154
0.010149
0.010145
0.010140
0.010135
0.010130
0.010126
0.010121
0.010116
0.010112
0.010107
0.010102
0.010097
0.010093
0.010088
0.010083
0.010078
0.010074
0.010069
0.010064
0.010060
0.010055
0.010050
0.010046
0.010041
0.010036
0.010032
0.010027
0.010022
0.010018
0.010013
0.010008
0.010004
0.009999
0.009994
0.009990
0.009985
0.009980
0.009976
0.009971
0.009966
0.009962
0.009957
0.009952
0.009948
0.009943
0.009939
0.009934
0.009929
0.009925
0.009920
0.009915
0.009911
0.009906
0.009902
0.009897
0.009893
0.009888
0.009883
0.009879
0.009874
0.009870
0.009865
0.009860
0.009856
0.009851
0.009847
0.009842
0.009838
0.009833
0.009829
0.009824
0.009819
0.009815
0.009810
0.009806
0.009801
0.009797
0.009792
0.009788
0.009783
0.009779
0.009774
0.009770
0.009765
0.009761
0.009756
0.009752
0.009747
0.009743
0.009738
0.009734
0.009729
0.009725
0.009720
0.009716
0.009711
0.009707
0.009702
0.009698
0.009693
0.009689
0.009684
0.009680
0.009676
0.009671
0.009667
0.009662
0.009658
0.009653
0.009649
0.009644
0.009640
0.009636
0.009631
0.009627
0.009622
0.009618
0.009614
0.009609
0.009605
0.009600
0.009596
0.009592
0.009587
0.009583
0.009578
0.009574
0.009570
0.009565
0.009561
0.009556
0.009552
0.009548
0.009543
0.009539
0.009535
0.009530
0.009526
0.009522
0.009517
0.009513
0.009508
0.009504
0.009500
0.009495
0.009491
0.009487
0.009482
0.009478
0.009474
0.009469
0.009465
0.009461
0.009457
0.009452
0.009448
0.009444
0.009439
0.009435
0.009431
0.009426
0.009422
0.009418
0.009414
0.009409
0.009405
0.009401
0.009396
0.009392
0.009388
0.009384
0.009379
0.009375
0.009371
0.009367
0.009362
0.009358
0.009354
0.009350
0.009345
0.009341
0.009337
0.009333
0.009328
0.009324
0.009320
0.009316
0.009312
0.009307
0.009303
0.009299
0.009295
0.009290
0.009286
0.009282
0.009278
0.009274
0.009269
0.009265
0.009261
0.009257
0.009253
0.009249
0.009244
0.009240
0.009236
0.009232
0.009228
0.009224
0.009219
0.009215
0.009211
0.009207
0.009203
0.009199
0.009194
0.009190
0.009186
0.009182
0.009178
0.009174
0.009170
0.009165
0.009161
0.009157
0.009153
0.009149
0.009145
0.009141
0.009137
0.009133
0.009128
0.009124
0.009120
0.009116
0.009112
0.009108
0.009104
0.009100
0.009096
0.009092
0.009088
0.009083
0.009079
0.009075
0.009071
0.009067
0.009063
0.009059
0.009055
0.009051
0.009047
0.009043
0.009039
0.009035
0.009031
0.009027
0.009023
0.009019
0.009015
0.009010
0.009006
0.009002
0.008998
0.008994
0.008990
0.008986
0.008982
0.008978
0.008974
0.008970
0.008966
0.008962
0.008958
0.008954
0.008950
0.008946
0.008942
0.008938
0.008934
0.008930
0.008926
0.008922
0.008918
0.008914
0.008910
0.008907
0.008903
0.008899
0.008895
0.008891
0.008887
0.008883
0.008879
0.008875
0.008871
0.008867
0.008863
0.008859
0.008855
0.008851
0.008847
0.008843
0.008839
0.008836
0.008832
0.008828
0.008824
0.008820
0.008816
0.008812
0.008808
0.008804
0.008800
0.008796
0.008792
0.008789
0.008785
0.008781
0.008777
0.008773
0.008769
0.008765
0.008761
0.008758
0.008754
0.008750
0.008746
0.008742
0.008738
0.008734
0.008730
0.008727
0.008723
0.008719
0.008715
0.008711
0.008707
0.008704
0.008700
0.008696
0.008692
0.008688
0.008684
0.008680
0.008677
0.008673
0.008669
0.008665
0.008661
0.008658
0.008654
0.008650
0.008646
0.008642
0.008639
0.008635
0.008631
0.008627
0.008623
0.008620
0.008616
0.008612
0.008608
0.008604
0.008601
0.008597
0.008593
0.008589
0.008586
0.008582
0.008578
0.008574
0.008570
0.008567
0.008563
0.008559
0.008555
0.008552
0.008548
0.008544
0.008540
0.008537
0.008533
0.008529
0.008525
0.008522
0.008518
0.008514
0.008511
0.008507
0.008503
0.008499
0.008496
0.008492
0.008488
0.008485
0.008481
0.008477
0.008473
0.008470
0.008466
0.008462
0.008459
0.008455
0.008451
0.008448
0.008444
0.008440
0.008437
0.008433
0.008429
0.008425
0.008422
0.008418
0.008414
0.008411
0.008407
0.008403
0.008400
0.008396
0.008393
0.008389
0.008385
0.008382
0.008378
0.008374
0.008371
0.008367
0.008363
0.008360
0.008356
0.008352
0.008349
0.008345
0.008342
0.008338
0.008334
0.008331
0.008327
0.008323
0.008320
0.008316
0.008313
0.008309
0.008305
0.008302
0.008298
0.008295
0.008291
0.008287
0.008284
0.008280
0.008277
0.008273
0.008270
0.008266
0.008262
0.008259
0.008255
0.008252
0.008248
0.008245
0.008241
0.008237
0.008234
0.008230
0.008227
0.008223
0.008220
0.008216
0.008213
0.008209
0.008205
0.008202
0.008198
0.008195
0.008191
0.008188
0.008184
0.008181
0.008177
0.008174
0.008170
0.008167
0.008163
0.008160
0.008156
0.008153
0.008149
0.008146
0.008142
0.008139
0.008135
0.008132
0.008128
0.008125
0.008121
0.008118
0.008114
0.008111
0.008107
0.008104
0.008100
0.008097
0.008093
0.008090
0.008086
0.008083
0.008079
0.008076
0.008072
0.008069
0.008066
0.008062
0.008059
0.008055
0.008052
0.008048
0.008045
0.008041
0.008038
0.008034
0.008031
0.008028
0.008024
0.008021
0.008017
0.008014
0.008010
0.008007
0.008004
0.008000
0.007997
0.007993
0.007990
0.007987
0.007983
0.007980
0.007976
0.007973
0.007969
0.007966
0.007963
0.007959
0.007956
0.007952
0.007949
0.007946
0.007942
0.007939
0.007936
0.007932
0.007929
0.007925
0.007922
0.007919
0.007915
0.007912
0.007909
0.007905
0.007902
0.007899
0.007895
0.007892
0.007888
0.007885
0.007882
0.007878
0.007875
0.007872
0.007868
0.007865
0.007862
0.007858
0.007855
0.007852
0.007848
0.007845
0.007842
0.007838
0.007835
0.007832
0.007828
0.007825
0.007822
0.007818
0.007815
0.007812
0.007809
0.007805
0.007802
0.007799
0.007795
0.007792
0.007789
0.007785
0.007782
0.007779
0.007776
0.007772
0.007769
0.007766
0.007762
0.007759
0.007756
0.007753
0.007749
0.007746
0.007743
0.007740
0.007736
0.007733
0.007730
0.007726
0.007723
0.007720
0.007717
0.007713
0.007710
0.007707
0.007704
0.007700
0.007697
0.007694
0.007691
0.007688
0.007684
0.007681
0.007678
0.007675
0.007671
0.007668
0.007665
0.007662
0.007658
0.007655
0.007652
0.007649
0.007646
0.007642
0.007639
0.007636
0.007633
0.007630
0.007626
0.007623
0.007620
0.007617
0.007614
0.007610
0.007607
0.007604
0.007601
0.007598
0.007594
0.007591
0.007588
0.007585
0.007582
0.007579
0.007575
0.007572
0.007569
0.007566
0.007563
0.007560
0.007556
0.007553
0.007550
0.007547
0.007544
0.007541
0.007538
0.007534
0.007531
0.007528
0.007525
0.007522
0.007519
0.007516
0.007512
0.007509
0.007506
0.007503
0.007500
0.007497
0.007494
0.007491
0.007487
0.007484
0.007481
0.007478
0.007475
0.007472
0.007469
0.007466
0.007463
0.007459
0.007456
0.007453
0.007450
0.007447
0.007444
0.007441
0.007438
0.007435
0.007432
0.007428
0.007425
0.007422
0.007419
0.007416
0.007413
0.007410
0.007407
0.007404
0.007401
0.007398
0.007395
0.007392
0.007389
0.007385
0.007382
0.007379
0.007376
0.007373
0.007370
0.007367
0.007364
0.007361
0.007358
0.007355
0.007352
0.007349
0.007346
0.007343
0.007340
0.007337
0.007334
0.007331
0.007328
0.007325
0.007322
0.007319
0.007316
0.007313
0.007310
0.007307
0.007304
0.007300
0.007297
0.007294
0.007291
0.007288
0.007285
0.007282
0.007279
0.007276
0.007273
0.007270
0.007267
0.007264
0.007261
0.007258
0.007256
0.007253
0.007250
0.007247
0.007244
0.007241
0.007238
0.007235
0.007232
0.007229
0.007226
0.007223
0.007220
0.007217
0.007214
0.007211
0.007208
0.007205
0.007202
0.007199
0.007196
0.007193
0.007190
0.007187
0.007184
0.007181
0.007178
0.007176
0.007173
0.007170
0.007167
0.007164
0.007161
0.007158
0.007155
0.007152
0.007149
0.007146
0.007143
0.007140
0.007137
0.007135
0.007132
0.007129
0.007126
0.007123
0.007120
0.007117
0.007114
0.007111
0.007108
0.007105
0.007103
0.007100
0.007097
0.007094
0.007091
0.007088
0.007085
0.007082
0.007079
0.007077
0.007074
0.007071
0.007068
0.007065
0.007062
0.007059
0.007056
0.007054
0.007051
0.007048
0.007045
0.007042
0.007039
0.007036
0.007034
0.007031
0.007028
0.007025
0.007022
0.007019
0.007016
0.007014
0.007011
0.007008
0.007005
0.007002
0.006999
0.006996
0.006994
0.006991
0.006988
0.006985
0.006982
0.006979
0.006977
0.006974
0.006971
0.006968
0.006965
0.006963
0.006960
0.006957
0.006954
0.006951
0.006948
0.006946
0.006943
0.006940
0.006937
0.006934
0.006932
0.006929
0.006926
0.006923
0.006920
0.006918
0.006915
0.006912
0.006909
0.006907
0.006904
0.006901
0.006898
0.006895
0.006893
0.006890
0.006887
0.006884
0.006881
0.006879
0.006876
0.006873
0.006870
0.006868
0.006865
0.006862
0.006859
0.006857
0.006854
0.006851
0.006848
0.006846
0.006843
0.006840
0.006837
0.006835
0.006832
0.006829
0.006826
0.006824
0.006821
0.006818
0.006815
0.006813
0.006810
0.006807
0.006804
0.006802
0.006799
0.006796
0.006794
0.006791
0.006788
0.006785
0.006783
0.006780
0.006777
0.006775
0.006772
0.006769
0.006766
0.006764
0.006761
0.006758
0.006756
0.006753
0.006750
0.006748
0.006745
0.006742
0.006739
0.006737
0.006734
0.006731
0.006729
0.006726
0.006723
0.006721
0.006718
0.006715
0.006713
0.006710
0.006707
0.006705
0.006702
0.006699
0.006697
0.006694
0.006691
0.006689
0.006686
0.006683
0.006681
0.006678
0.006675
0.006673
0.006670
0.006667
0.006665
0.006662
0.006659
0.006657
0.006654
0.006651
0.006649
0.006646
0.006643
0.006641
0.006638
0.006636
0.006633
0.006630
0.006628
0.006625
0.006622
0.006620
0.006617
0.006615
0.006612
0.006609
0.006607
0.006604
0.006601
0.006599
0.006596
0.006594
0.006591
0.006588
0.006586
0.006583
0.006581
0.006578
0.006575
0.006573
0.006570
0.006568
0.006565
0.006562
0.006560
0.006557
0.006555
0.006552
0.006549
0.006547
0.006544
0.006542
0.006539
0.006536
0.006534
0.006531
0.006529
0.006526
0.006524
0.006521
0.006518
0.006516
0.006513
0.006511
0.006508
0.006506
0.006503
0.006501
0.006498
0.006495
0.006493
0.006490
0.006488
0.006485
0.006483
0.006480
0.006478
0.006475
0.006472
0.006470
0.006467
0.006465
0.006462
0.006460
0.006457
0.006455
0.006452
0.006450
0.006447
0.006445
0.006442
0.006440
0.006437
0.006434
0.006432
0.006429
0.006427
0.006424
0.006422
0.006419
0.006417
0.006414
0.006412
0.006409
0.006407
0.006404
0.006402
0.006399
0.006397
0.006394
0.006392
0.006389
0.006387
0.006384
0.006382
0.006379
0.006377
0.006374
0.006372
0.006369
0.006367
0.006364
0.006362
0.006359
0.006357
0.006354
0.006352
0.006349
0.006347
0.006345
0.006342
0.006340
0.006337
0.006335
0.006332
0.006330
0.006327
0.006325
0.006322
0.006320
0.006317
0.006315
0.006312
0.006310
0.006308
0.006305
0.006303
0.006300
0.006298
0.006295
0.006293
0.006290
0.006288
0.006286
0.006283
0.006281
0.006278
0.006276
0.006273
0.006271
0.006269
0.006266
0.006264
0.006261
0.006259
0.006256
0.006254
0.006252
0.006249
0.006247
0.006244
0.006242
0.006239
0.006237
0.006235
0.006232
0.006230
0.006227
0.006225
0.006223
0.006220
